	s1.1	s1.2	s1.3	s1.4	s1.5	s1.6	s1.7	s1.8	s2.1	s2.2	s2.3	s2.4	s2.5	s2.6	s2.7	s2.8	s3.1	s3.2	s3.3	s3.4	s3.5	s3.6	s3.7	s3.8	s4.1	s4.2	s4.3	s4.4	s4.5	s4.6	s4.7	s4.8	s5.1	s5.2	s5.3	s5.4	s5.5	s5.6	s5.7	s5.8
s1.1	0	0.165108358	0.175201854	0.138865264	0.164045883	0.156714815	0.164045882	0.145558845	0.170845717	0.175945594	0.210475972	0.200382479	0.22418189	0.173926893	0.198470027	0.173076906	0.160964706	0.168508271	0.212175921	0.175095602	0.159902229	0.203994878	0.314279621	0.166064589	0.255524849	0.28994899	0.248725016	0.318317043	0.216532073	0.218019537	0.252762416	0.311942192	0.257118568	0.262643413	0.258606023	0.234275381	0.239587741	0.266255828	0.235125356	0.199957488
s1.2	0.165108358	0	0.192626413	0.151508695	0.18657032	0.210050981	0.184232877	0.168720762	0.179982982	0.12388438	0.22046322	0.206863565	0.223438145	0.12430937	0.176795569	0.119528235	0.202826167	0.211750946	0.269124509	0.201976184	0.214300876	0.218125777	0.381640446	0.208457279	0.304398632	0.339778997	0.268487022	0.394283897	0.248937514	0.25031873	0.265512094	0.37749681	0.329473011	0.338504029	0.264343372	0.257224805	0.261049707	0.336910323	0.310560974	0.223331897
s1.3	0.175201854	0.192626413	0	0.113897135	0.092010177	0.193476389	0.085954078	0.082660418	0.099022506	0.1375903	0.135996579	0.107522293	0.129834238	0.131321701	0.218125778	0.164152128	0.231831688	0.158202276	0.278155534	0.141202697	0.198045036	0.1331279	0.391733941	0.182851671	0.322354432	0.356353583	0.179239255	0.373246918	0.167020801	0.2255631	0.179557991	0.355609853	0.300573725	0.307586039	0.174245623	0.163302145	0.163514632	0.301954938	0.280174223	0.146408815
s1.4	0.138865264	0.151508695	0.113897135	0	0.10752229	0.178814265	0.106672316	0.089566501	0.107097309	0.119740748	0.158946012	0.140246479	0.160752218	0.108372273	0.192838918	0.145665089	0.185826587	0.150446217	0.237144057	0.13705906	0.182745404	0.154589867	0.347003803	0.174351883	0.282617922	0.323310659	0.204844862	0.360815972	0.178283024	0.217594547	0.205482346	0.343603903	0.28803654	0.294517623	0.201338694	0.183276651	0.186889058	0.290798969	0.266787065	0.158839758
s1.5	0.164045883	0.18657032	0.092010177	0.10752229	0	0.167020799	0.084147873	0.099022505	0.094560116	0.14428388	0.157777289	0.135040355	0.149383752	0.132277925	0.204738619	0.159902236	0.222163175	0.145771338	0.264980856	0.132596663	0.184976599	0.149702489	0.375371847	0.176583074	0.310454721	0.349659998	0.19581383	0.36049723	0.166702058	0.222375674	0.198151274	0.345835097	0.282936664	0.292605169	0.195920077	0.182001679	0.180939197	0.290480226	0.264130881	0.166277068
s1.6	0.156714815	0.210050981	0.193476389	0.178814265	0.167020799	0	0.169252001	0.180620469	0.167127051	0.201019962	0.255099857	0.226944316	0.25754355	0.211113459	0.134615362	0.181257951	0.180089228	0.217382047	0.234381619	0.221525691	0.192732662	0.246918803	0.324691865	0.216532074	0.279111755	0.318635769	0.288461524	0.335316606	0.253081149	0.261368452	0.296855064	0.323948139	0.25318741	0.269761986	0.290480211	0.268912013	0.275180601	0.24638757	0.231725432	0.243731383
s1.7	0.164045882	0.184232877	0.085954078	0.106672316	0.084147873	0.169252001	0	0.086379081	0.091585195	0.136527824	0.139184007	0.120271983	0.145771343	0.116872063	0.201976182	0.155014861	0.215788334	0.151933686	0.260412224	0.135465344	0.185932829	0.147046302	0.376434319	0.176264334	0.301636191	0.339778993	0.190395222	0.361984696	0.159052254	0.223225653	0.192307678	0.347216309	0.287611552	0.297173801	0.185189098	0.172970661	0.173183153	0.288036532	0.264449626	0.144708862
s1.8	0.145558845	0.168720762	0.082660418	0.089566501	0.099022505	0.180620469	0.086379081	0	0.104759868	0.133765396	0.132702914	0.111453447	0.131109215	0.109965989	0.207182315	0.156714818	0.205057364	0.154589873	0.258606023	0.132915416	0.186782817	0.131215448	0.369315755	0.176689329	0.302379933	0.340841472	0.175414351	0.368040803	0.16181469	0.222163184	0.175414347	0.350297486	0.296111346	0.303867388	0.175626846	0.160539722	0.163195899	0.299617502	0.274224374	0.128878014
s2.1	0.170845717	0.179982982	0.099022506	0.107097309	0.094560116	0.167127051	0.091585195	0.104759868	0	0.122290682	0.16659582	0.128453019	0.159689742	0.122821907	0.18242668	0.138227777	0.212813414	0.160220981	0.254249881	0.141521449	0.186464075	0.164045876	0.36612833	0.1779643	0.297598802	0.33733531	0.203569896	0.363472166	0.175520597	0.227581796	0.20951974	0.354122394	0.29249893	0.308754773	0.19847002	0.191457698	0.192626412	0.294092637	0.267530801	0.1591585
s2.2	0.175945594	0.12388438	0.1375903	0.119740748	0.14428388	0.201019962	0.136527824	0.133765396	0.122290682	0	0.195920089	0.147365058	0.182426683	0.086379076	0.155121112	0.08308541	0.217594547	0.189439	0.275711844	0.178708015	0.215044618	0.198895019	0.387590291	0.204419889	0.309604748	0.347747552	0.242243939	0.402571188	0.221631951	0.252231181	0.241393952	0.38769655	0.333191667	0.340628967	0.241925183	0.232256685	0.232044183	0.337866544	0.31141095	0.196770068
s2.3	0.210475972	0.22046322	0.135996579	0.158946012	0.157777289	0.255099857	0.139184007	0.132702914	0.16659582	0.195920089	0	0.107097303	0.124415623	0.162877164	0.278368031	0.225988083	0.254568627	0.163514648	0.297173809	0.14980874	0.222588175	0.109222254	0.423820641	0.195282612	0.29685507	0.344453879	0.151614941	0.366022103	0.163727137	0.205057358	0.127071799	0.351359965	0.288780277	0.308542275	0.144602611	0.152571176	0.138652758	0.31215469	0.277836791	0.12335315
s2.4	0.200382479	0.206863565	0.107522293	0.140246479	0.135040355	0.226944316	0.120271983	0.111453447	0.128453019	0.147365058	0.107097303	0	0.117190805	0.141946441	0.235656601	0.171908191	0.248618776	0.174351876	0.289417759	0.157352303	0.221525705	0.123459391	0.417977039	0.196451336	0.319485755	0.355291113	0.165639593	0.386846587	0.178708015	0.236612818	0.150552466	0.368465784	0.314385889	0.324585624	0.163939634	0.168827014	0.158308518	0.326285585	0.297386303	0.1432214
s2.5	0.22418189	0.223438145	0.129834238	0.160752218	0.149383752	0.25754355	0.145771343	0.131109215	0.159689742	0.182426683	0.124415623	0.117190805	0	0.15512111	0.274968114	0.209307259	0.277730541	0.199426248	0.322566919	0.173183155	0.237356558	0.131852935	0.448045035	0.216850825	0.359116014	0.393646406	0.186676572	0.410858478	0.202932412	0.258606022	0.129196751	0.390990223	0.344347635	0.354653622	0.178601763	0.190288976	0.176901804	0.351147464	0.325329355	0.169570743
s2.6	0.173926893	0.12430937	0.131321701	0.108372273	0.132277925	0.211113459	0.116872063	0.109965989	0.122821907	0.086379076	0.162877164	0.141946441	0.15512111	0	0.173820645	0.1073098	0.211644696	0.184657874	0.27518061	0.155439848	0.214938365	0.169252002	0.383446647	0.201126221	0.302592423	0.338822777	0.212707171	0.395665113	0.190182733	0.247025064	0.213025913	0.377390569	0.329154264	0.338185286	0.209201004	0.20038248	0.203038655	0.334572881	0.303123664	0.163408403
s2.7	0.198470027	0.176795569	0.218125778	0.192838918	0.204738619	0.134615362	0.201976182	0.207182315	0.18242668	0.155121112	0.278368031	0.235656601	0.274968114	0.173820645	0	0.129621743	0.179133	0.249043761	0.231831683	0.25191244	0.225669346	0.275074363	0.325648089	0.245962594	0.266574568	0.310242231	0.315554598	0.354866125	0.284211632	0.292711422	0.321610698	0.34392264	0.27730556	0.294198879	0.311942187	0.300679973	0.305142355	0.270930717	0.251487444	0.271143203
s2.8	0.173076906	0.119528235	0.164152128	0.145665089	0.159902236	0.181257951	0.155014861	0.156714818	0.138227777	0.08308541	0.225988083	0.171908191	0.209307259	0.1073098	0.129621743	0	0.20346364	0.206332335	0.263599643	0.208457273	0.207288554	0.225988089	0.371653191	0.202401182	0.298767517	0.337122815	0.268274533	0.391096469	0.244050136	0.250849967	0.269761989	0.376328086	0.320441981	0.332979164	0.265937081	0.254037385	0.257331051	0.320654473	0.295580099	0.222481923
s3.1	0.160964706	0.202826167	0.231831688	0.185826587	0.222163175	0.180089228	0.215788334	0.205057364	0.212813414	0.217594547	0.254568627	0.248618776	0.277730541	0.211644696	0.179133	0.20346364	0	0.173289403	0.158308521	0.186676569	0.155652344	0.225881842	0.252231171	0.181151706	0.204419874	0.247450052	0.248087528	0.275499351	0.224819372	0.222163186	0.276774315	0.268593276	0.2098385	0.213132155	0.287505299	0.24596259	0.256268579	0.236400326	0.189226504	0.216744558
s3.2	0.168508271	0.211750946	0.158202276	0.150446217	0.145771338	0.217382047	0.151933686	0.154589873	0.160220981	0.189439	0.163514648	0.174351876	0.199426248	0.184657874	0.249043761	0.206332335	0.173289403	0	0.199532491	0.104016132	0.138759009	0.138759012	0.324691858	0.11485337	0.230237979	0.273586896	0.150233719	0.282405437	0.124309374	0.151402443	0.181576689	0.267849538	0.209413508	0.218869506	0.190076487	0.151721196	0.163195904	0.245643843	0.194007637	0.138865253
s3.3	0.212175921	0.269124509	0.278155534	0.237144057	0.264980856	0.234381619	0.260412224	0.258606023	0.254249881	0.275711844	0.297173809	0.289417759	0.322566919	0.27518061	0.231831683	0.263599643	0.158308521	0.199532491	0	0.210582221	0.163514641	0.258074774	0.197301276	0.175945583	0.151827424	0.1831704	0.273480643	0.234381631	0.237781537	0.2192945	0.311304705	0.229281745	0.194963854	0.194963845	0.318317028	0.276561817	0.296536313	0.222163174	0.169676976	0.252868656
s3.4	0.175095602	0.201976184	0.141202697	0.13705906	0.132596663	0.221525691	0.135465344	0.132915416	0.141521449	0.178708015	0.14980874	0.157352303	0.173183155	0.155439848	0.25191244	0.208457273	0.186676569	0.104016132	0.210582221	0	0.132702917	0.109859738	0.336379071	0.113153414	0.249043765	0.289736506	0.133977885	0.302592433	0.110497222	0.159795987	0.156183583	0.283255412	0.237887802	0.244475125	0.174883106	0.135996581	0.153846132	0.265405854	0.215894587	0.120378222
s3.5	0.159902229	0.214300876	0.198045036	0.182745404	0.184976599	0.192732662	0.185932829	0.186782817	0.186464075	0.215044618	0.222588175	0.221525705	0.237356558	0.214938365	0.225669346	0.207288554	0.155652344	0.138759009	0.163514641	0.132702917	0	0.180832959	0.276243061	0.111878447	0.207607289	0.249787494	0.193370148	0.27464938	0.167127059	0.154589866	0.228963013	0.2515937	0.199107508	0.218444509	0.246281324	0.204313631	0.219613242	0.240331468	0.182001678	0.184657867
s3.6	0.203994878	0.218125777	0.1331279	0.154589867	0.149702489	0.246918803	0.147046302	0.131215448	0.164045876	0.198895019	0.109222254	0.123459391	0.131852935	0.169252002	0.275074363	0.225988089	0.225881842	0.138759012	0.258074774	0.109859738	0.180832959	0	0.386846562	0.152358679	0.280174234	0.320654474	0.114215873	0.336272848	0.128665514	0.183807891	0.115065853	0.312579675	0.26306841	0.274649368	0.136846556	0.121440697	0.119103249	0.28421163	0.248512525	0.110922209
s3.7	0.314279621	0.381640446	0.391733941	0.347003803	0.375371847	0.324691865	0.376434319	0.369315755	0.36612833	0.387590291	0.423820641	0.417977039	0.448045035	0.383446647	0.325648089	0.371653191	0.252231171	0.324691858	0.197301276	0.336379071	0.276243061	0.386846562	0	0.297280041	0.248193766	0.249681225	0.400871203	0.297173805	0.358797261	0.337866532	0.442095185	0.322566916	0.295473847	0.297811273	0.449532497	0.4055461	0.420420726	0.327773031	0.268912	0.380471713
s3.8	0.166064589	0.208457279	0.182851671	0.174351883	0.176583074	0.216532074	0.176264334	0.176689329	0.1779643	0.204419889	0.195282612	0.196451336	0.216850825	0.201126221	0.245962594	0.202401182	0.181151706	0.11485337	0.175945583	0.113153414	0.111878447	0.152358679	0.297280041	0	0.212388428	0.245006368	0.176901825	0.27730557	0.143221419	0.127815549	0.200169985	0.259987246	0.210157237	0.229600494	0.216319586	0.177433056	0.19613259	0.26062472	0.187951542	0.158839774
s4.1	0.255524849	0.304398632	0.322354432	0.282617922	0.310454721	0.279111755	0.301636191	0.302379933	0.297598802	0.309604748	0.29685507	0.319485755	0.359116014	0.302592423	0.266574568	0.298767517	0.204419874	0.230237979	0.151827424	0.249043765	0.207607289	0.280174234	0.248193766	0.212388428	0	0.168189521	0.294942608	0.240012746	0.24702506	0.199744982	0.331810444	0.229069253	0.179345498	0.210688459	0.33977899	0.287505297	0.308648522	0.241181451	0.177858036	0.261368449
s4.2	0.28994899	0.339778997	0.356353583	0.323310659	0.349659998	0.318635769	0.339778993	0.340841472	0.33733531	0.347747552	0.344453879	0.355291113	0.393646406	0.338822777	0.310242231	0.337122815	0.247450052	0.273586896	0.1831704	0.289736506	0.249787494	0.320654474	0.249681225	0.245006368	0.168189521	0	0.308329781	0.183595399	0.287186561	0.269337005	0.344772624	0.195282598	0.24946875	0.228113021	0.334466633	0.29770505	0.325541853	0.286761559	0.226306823	0.298873774
s4.3	0.248725016	0.268487022	0.179239255	0.204844862	0.19581383	0.288461524	0.190395222	0.175414351	0.203569896	0.242243939	0.151614941	0.165639593	0.186676572	0.212707171	0.315554598	0.268274533	0.248087528	0.150233719	0.273480643	0.133977885	0.193370148	0.114215873	0.400871203	0.176901825	0.294942608	0.308329781	0	0.28878028	0.114959603	0.16691455	0.108478517	0.263599642	0.24851252	0.248618757	0.12271566	0.087441538	0.096260072	0.30365489	0.255312349	0.137165301
s4.4	0.318317043	0.394283897	0.373246918	0.360815972	0.36049723	0.335316606	0.361984696	0.368040803	0.363472166	0.402571188	0.366022103	0.386846587	0.410858478	0.395665113	0.354866125	0.391096469	0.275499351	0.282405437	0.234381631	0.302592433	0.27464938	0.336272848	0.297173805	0.27730557	0.240012746	0.183595399	0.28878028	0	0.28314917	0.279430509	0.338397793	0.195495111	0.238100286	0.207819791	0.331704201	0.283999153	0.31661708	0.26200594	0.222694417	0.324904372
s4.5	0.216532073	0.248937514	0.167020801	0.178283024	0.166702058	0.253081149	0.159052254	0.16181469	0.175520597	0.221631951	0.163727137	0.178708015	0.202932412	0.190182733	0.284211632	0.244050136	0.224819372	0.124309374	0.237781537	0.110497222	0.167127059	0.128665514	0.358797261	0.143221419	0.24702506	0.287186561	0.114959603	0.28314917	0	0.130684212	0.14874626	0.255312356	0.197938785	0.216957052	0.16000848	0.10954099	0.129090498	0.257756041	0.203676142	0.125478092
s4.6	0.218019537	0.25031873	0.2255631	0.217594547	0.222375674	0.261368452	0.223225653	0.222163184	0.227581796	0.252231181	0.205057358	0.236612818	0.258606022	0.247025064	0.292711422	0.250849967	0.222163186	0.151402443	0.2192945	0.159795987	0.154589866	0.183807891	0.337866532	0.127815549	0.199744982	0.269337005	0.16691455	0.279430509	0.130684212	0	0.200913707	0.234487873	0.169995734	0.216744552	0.216532064	0.169995731	0.184339122	0.270399478	0.213025904	0.183807885
s4.7	0.252762416	0.265512094	0.179557991	0.205482346	0.198151274	0.296855064	0.192307678	0.175414347	0.20951974	0.241393952	0.127071799	0.150552466	0.129196751	0.213025913	0.321610698	0.269761989	0.276774315	0.181576689	0.311304705	0.156183583	0.228963013	0.115065853	0.442095185	0.200169985	0.331810444	0.344772624	0.108478517	0.338397793	0.14874626	0.200913707	0	0.308542273	0.28782405	0.281874188	0.12090945	0.116128328	0.115703331	0.326391833	0.294305129	0.151296197
s4.8	0.311942192	0.37749681	0.355609853	0.343603903	0.345835097	0.323948139	0.347216309	0.350297486	0.354122394	0.38769655	0.351359965	0.368465784	0.390990223	0.377390569	0.34392264	0.376328086	0.268593276	0.267849538	0.229281745	0.283255412	0.2515937	0.312579675	0.322566916	0.259987246	0.229069253	0.195282598	0.263599642	0.195495111	0.255312356	0.234487873	0.308542273	0	0.211644696	0.192307669	0.293030162	0.262962163	0.288249033	0.269230755	0.223013157	0.315873339
s5.1	0.257118568	0.329473011	0.300573725	0.28803654	0.282936664	0.25318741	0.287611552	0.296111346	0.29249893	0.333191667	0.288780277	0.314385889	0.344347635	0.329154264	0.27730556	0.320441981	0.2098385	0.209413508	0.194963854	0.237887802	0.199107508	0.26306841	0.295473847	0.210157237	0.179345498	0.24946875	0.24851252	0.238100286	0.197938785	0.169995734	0.28782405	0.211644696	0	0.145133847	0.291223952	0.233850395	0.251699943	0.197620044	0.134402872	0.257118557
s5.2	0.262643413	0.338504029	0.307586039	0.294517623	0.292605169	0.269761986	0.297173801	0.303867388	0.308754773	0.340628967	0.308542275	0.324585624	0.354653622	0.338185286	0.294198879	0.332979164	0.213132155	0.218869506	0.194963845	0.244475125	0.218444509	0.274649368	0.297811273	0.229600494	0.210688459	0.228113021	0.248618757	0.207819791	0.216957052	0.216744552	0.281874188	0.192307669	0.145133847	0	0.272949408	0.232575414	0.248937505	0.189651486	0.149914976	0.267637034
s5.3	0.258606023	0.264343372	0.174245623	0.201338694	0.195920077	0.290480211	0.185189098	0.175626846	0.19847002	0.241925183	0.144602611	0.163939634	0.178601763	0.209201004	0.311942187	0.265937081	0.287505299	0.190076487	0.318317028	0.174883106	0.246281324	0.136846556	0.449532497	0.216319586	0.33977899	0.334466633	0.12271566	0.331704201	0.16000848	0.216532064	0.12090945	0.293030162	0.291223952	0.272949408	0	0.110390968	0.103484884	0.322035689	0.294198881	0.14991498
s5.4	0.234275381	0.257224805	0.163302145	0.183276651	0.182001679	0.268912013	0.172970661	0.160539722	0.191457698	0.232256685	0.152571176	0.168827014	0.190288976	0.20038248	0.300679973	0.254037385	0.24596259	0.151721196	0.276561817	0.135996581	0.204313631	0.121440697	0.4055461	0.177433056	0.287505297	0.29770505	0.087441538	0.283999153	0.10954099	0.169995731	0.116128328	0.262962163	0.233850395	0.232575414	0.110390968	0	0.084679105	0.27634933	0.239587749	0.122503165
s5.5	0.239587741	0.261049707	0.163514632	0.186889058	0.180939197	0.275180601	0.173183153	0.163195899	0.192626412	0.232044183	0.138652758	0.158308518	0.176901804	0.203038655	0.305142355	0.257331051	0.256268579	0.163195904	0.296536313	0.153846132	0.219613242	0.119103249	0.420420726	0.19613259	0.308648522	0.325541853	0.096260072	0.31661708	0.129090498	0.184339122	0.115703331	0.288249033	0.251699943	0.248937505	0.103484884	0.084679105	0	0.289205259	0.261899688	0.12962174
s5.6	0.266255828	0.336910323	0.301954938	0.290798969	0.290480226	0.24638757	0.288036532	0.299617502	0.294092637	0.337866544	0.31215469	0.326285585	0.351147464	0.334572881	0.270930717	0.320654473	0.236400326	0.245643843	0.222163174	0.265405854	0.240331468	0.28421163	0.327773031	0.26062472	0.241181451	0.286761559	0.30365489	0.26200594	0.257756041	0.270399478	0.326391833	0.269230755	0.197620044	0.189651486	0.322035689	0.27634933	0.289205259	0	0.175095599	0.270930706
s5.7	0.235125356	0.310560974	0.280174223	0.266787065	0.264130881	0.231725432	0.264449626	0.274224374	0.267530801	0.31141095	0.277836791	0.297386303	0.325329355	0.303123664	0.251487444	0.295580099	0.189226504	0.194007637	0.169676976	0.215894587	0.182001678	0.248512525	0.268912	0.187951542	0.177858036	0.226306823	0.255312349	0.222694417	0.203676142	0.213025904	0.294305129	0.223013157	0.134402872	0.149914976	0.294198881	0.239587749	0.261899688	0.175095599	0	0.225881833
s5.8	0.199957488	0.223331897	0.146408815	0.158839758	0.166277068	0.243731383	0.144708862	0.128878014	0.1591585	0.196770068	0.12335315	0.1432214	0.169570743	0.163408403	0.271143203	0.222481923	0.216744558	0.138865253	0.252868656	0.120378222	0.184657867	0.110922209	0.380471713	0.158839774	0.261368449	0.298873774	0.137165301	0.324904372	0.125478092	0.183807885	0.151296197	0.315873339	0.257118557	0.267637034	0.14991498	0.122503165	0.12962174	0.270930706	0.225881833	0
